240
239
0 1
1 21
21 22
22 2
2 3
3 23
23 43
43 44
44 24
24 25
25 5
5 4
5 6
6 26
26 27
27 7
7 8
8 9
9 29
29 30
30 10
10 11
11 31
31 32
32 33
33 53
53 52
52 51
51 71
71 91
91 90
90 70
70 50
50 49
49 48
48 28
48 47
47 67
67 66
66 65
65 64
64 63
63 62
62 42
42 41
41 61
61 60
60 80
80 100
100 120
120 121
121 101
101 102
102 103
103 83
83 84
84 104
104 105
105 85
85 86
86 106
106 126
126 146
146 145
145 165
165 185
185 205
205 206
206 226
226 227
227 207
207 187
187 186
186 166
166 167
167 168
168 169
169 170
170 190
190 189
189 188
188 208
208 209
209 210
210 230
230 231
231 232
232 233
233 234
234 235
235 215
215 195
195 194
194 214
214 213
213 193
193 192
192 212
212 211
211 191
191 171
171 151
151 152
152 153
153 173
173 174
174 154
154 134
134 133
133 132
132 112
112 113
113 93
93 94
94 74
74 73
73 72
72 92
74 54
54 55
55 56
56 57
57 37
37 38
38 58
58 78
78 98
98 99
99 79
79 59
59 39
39 19
19 18
18 17
17 16
16 15
15 14
14 13
13 12
14 34
34 35
35 36
99 119
119 139
139 159
159 158
158 178
178 177
177 176
176 196
196 216
216 236
236 237
237 217
217 218
218 198
198 197
198 199
199 219
219 239
239 238
199 179
176 175
175 155
155 156
156 157
157 137
137 138
138 118
118 117
117 116
116 96
96 76
76 77
77 97
76 75
75 95
95 115
115 135
135 136
115 114
112 111
111 110
110 109
109 129
129 128
128 127
127 107
107 108
108 88
88 89
89 69
69 68
88 87
127 147
147 148
148 149
149 150
150 130
130 131
173 172
230 229
229 228
226 225
225 224
224 223
223 203
203 204
204 184
184 164
164 163
163 143
143 142
142 162
162 161
161 141
141 140
140 160
160 180
180 200
200 201
201 221
221 222
222 202
202 182
182 181
182 183
221 220
142 122
122 123
123 124
124 125
124 144
83 82
82 81
60 40
40 20
65 45
45 46
0.16 0.92
0.248 0.92
0.338 0.92
0.426 0.92
0.512 0.92
0.602 0.92
0.69 0.92
0.78 0.92
0.868 0.92
0.956 0.92
1.044 0.92
1.132 0.92
1.22 0.92
1.31 0.92
1.398 0.92
1.488 0.92
1.574 0.92
1.662 0.92
1.752 0.92
1.84 0.92
0.16 0.843
0.248 0.843
0.338 0.843
0.426 0.843
0.512 0.843
0.602 0.843
0.69 0.843
0.78 0.843
0.868 0.843
0.956 0.843
1.044 0.843
1.132 0.843
1.22 0.843
1.31 0.843
1.398 0.843
1.488 0.843
1.574 0.843
1.662 0.843
1.752 0.843
1.84 0.843
0.16 0.767
0.248 0.767
0.338 0.767
0.426 0.767
0.512 0.767
0.602 0.767
0.69 0.767
0.78 0.767
0.868 0.767
0.956 0.767
1.044 0.767
1.132 0.767
1.22 0.767
1.31 0.767
1.398 0.767
1.488 0.767
1.574 0.767
1.662 0.767
1.752 0.767
1.84 0.767
0.16 0.691
0.248 0.691
0.338 0.691
0.426 0.691
0.512 0.691
0.602 0.691
0.69 0.691
0.78 0.691
0.868 0.691
0.956 0.691
1.044 0.691
1.132 0.691
1.22 0.691
1.31 0.691
1.398 0.691
1.488 0.691
1.574 0.691
1.662 0.691
1.752 0.691
1.84 0.691
0.16 0.615
0.248 0.615
0.338 0.615
0.426 0.615
0.512 0.615
0.602 0.615
0.69 0.615
0.78 0.615
0.868 0.615
0.956 0.615
1.044 0.615
1.132 0.615
1.22 0.615
1.31 0.615
1.398 0.615
1.488 0.615
1.574 0.615
1.662 0.615
1.752 0.615
1.84 0.615
0.16 0.538
0.248 0.538
0.338 0.538
0.426 0.538
0.512 0.538
0.602 0.538
0.69 0.538
0.78 0.538
0.868 0.538
0.956 0.538
1.044 0.538
1.132 0.538
1.22 0.538
1.31 0.538
1.398 0.538
1.488 0.538
1.574 0.538
1.662 0.538
1.752 0.538
1.84 0.538
0.16 0.462
0.248 0.462
0.338 0.462
0.426 0.462
0.512 0.462
0.602 0.462
0.69 0.462
0.78 0.462
0.868 0.462
0.956 0.462
1.044 0.462
1.132 0.462
1.22 0.462
1.31 0.462
1.398 0.462
1.488 0.462
1.574 0.462
1.662 0.462
1.752 0.462
1.84 0.462
0.16 0.385
0.248 0.385
0.338 0.385
0.426 0.385
0.512 0.385
0.602 0.385
0.69 0.385
0.78 0.385
0.868 0.385
0.956 0.385
1.044 0.385
1.132 0.385
1.22 0.385
1.31 0.385
1.398 0.385
1.488 0.385
1.574 0.385
1.662 0.385
1.752 0.385
1.84 0.385
0.16 0.309
0.248 0.309
0.338 0.309
0.426 0.309
0.512 0.309
0.602 0.309
0.69 0.309
0.78 0.309
0.868 0.309
0.956 0.309
1.044 0.309
1.132 0.309
1.22 0.309
1.31 0.309
1.398 0.309
1.488 0.309
1.574 0.309
1.662 0.309
1.752 0.309
1.84 0.309
0.16 0.233
0.248 0.233
0.338 0.233
0.426 0.233
0.512 0.233
0.602 0.233
0.69 0.233
0.78 0.233
0.868 0.233
0.956 0.233
1.044 0.233
1.132 0.233
1.22 0.233
1.31 0.233
1.398 0.233
1.488 0.233
1.574 0.233
1.662 0.233
1.752 0.233
1.84 0.233
0.16 0.157
0.248 0.157
0.338 0.157
0.426 0.157
0.512 0.157
0.602 0.157
0.69 0.157
0.78 0.157
0.868 0.157
0.956 0.157
1.044 0.157
1.132 0.157
1.22 0.157
1.31 0.157
1.398 0.157
1.488 0.157
1.574 0.157
1.662 0.157
1.752 0.157
1.84 0.157
0.16 0.08
0.248 0.08
0.338 0.08
0.426 0.08
0.512 0.08
0.602 0.08
0.69 0.08
0.78 0.08
0.868 0.08
0.956 0.08
1.044 0.08
1.132 0.08
1.22 0.08
1.31 0.08
1.398 0.08
1.488 0.08
1.574 0.08
1.662 0.08
1.752 0.08
1.84 0.08