240
249
0 20
1 2
1 21
2 3
3 4
3 23
4 5
5 25
6 7
7 8
7 27
8 9
9 10
9 29
10 11
11 31
12 13
13 14
14 15
14 34
15 16
15 35
16 17
17 37
18 19
18 38
19 39
20 40
21 22
22 42
23 43
24 44
25 26
26 46
27 28
29 49
30 50
31 51
32 33
32 52
33 34
34 54
35 36
36 56
37 57
38 39
39 59
40 60
41 61
42 62
43 63
44 45
44 64
46 47
47 48
48 49
50 70
51 52
53 73
54 55
55 56
56 57
57 77
58 59
58 78
59 79
60 80
61 81
62 82
63 83
64 65
65 66
65 85
66 67
67 68
68 69
68 88
69 70
69 89
70 71
71 72
73 74
73 93
74 75
75 76
76 96
77 78
79 99
80 100
81 82
83 84
84 104
86 87
86 106
87 107
89 109
90 91
90 110
91 92
92 93
94 95
95 115
96 97
97 98
97 117
98 118
99 119
100 101
101 102
102 103
103 123
104 124
105 106
105 125
107 108
108 128
109 129
110 130
111 112
111 131
112 113
113 114
113 133
114 115
114 134
115 116
115 135
117 137
118 138
119 139
120 121
121 122
121 141
122 142
123 124
125 126
126 127
127 147
128 148
129 149
130 150
131 132
133 153
134 135
134 154
136 137
136 156
137 157
138 139
138 158
140 141
140 160
142 143
143 163
144 145
144 164
145 146
145 165
146 147
148 149
150 151
151 152
152 172
153 173
154 174
155 156
155 175
157 177
158 178
159 179
160 161
161 162
162 182
163 164
163 183
164 165
165 166
166 186
167 168
167 187
168 169
169 170
170 171
171 191
172 173
174 194
175 176
176 196
178 179
179 199
180 181
180 200
181 182
181 201
183 203
184 185
184 204
185 186
187 207
188 189
188 208
189 209
190 191
190 210
191 192
191 211
192 193
194 195
195 215
196 197
197 198
198 199
200 220
202 203
202 222
204 224
205 206
205 225
206 226
207 227
208 228
209 210
209 229
212 213
212 232
213 214
214 215
214 234
215 216
216 236
217 218
217 237
218 238
219 239
220 221
221 222
222 223
224 225
226 227
227 228
229 230
230 231
231 232
232 233
234 235
235 236
236 237
237 238
238 239
0.16 0.92
0.248 0.92
0.338 0.92
0.426 0.92
0.512 0.92
0.602 0.92
0.69 0.92
0.78 0.92
0.868 0.92
0.956 0.92
1.044 0.92
1.132 0.92
1.22 0.92
1.31 0.92
1.398 0.92
1.488 0.92
1.574 0.92
1.662 0.92
1.752 0.92
1.84 0.92
0.16 0.843
0.248 0.843
0.338 0.843
0.426 0.843
0.512 0.843
0.602 0.843
0.69 0.843
0.78 0.843
0.868 0.843
0.956 0.843
1.044 0.843
1.132 0.843
1.22 0.843
1.31 0.843
1.398 0.843
1.488 0.843
1.574 0.843
1.662 0.843
1.752 0.843
1.84 0.843
0.16 0.767
0.248 0.767
0.338 0.767
0.426 0.767
0.512 0.767
0.602 0.767
0.69 0.767
0.78 0.767
0.868 0.767
0.956 0.767
1.044 0.767
1.132 0.767
1.22 0.767
1.31 0.767
1.398 0.767
1.488 0.767
1.574 0.767
1.662 0.767
1.752 0.767
1.84 0.767
0.16 0.691
0.248 0.691
0.338 0.691
0.426 0.691
0.512 0.691
0.602 0.691
0.69 0.691
0.78 0.691
0.868 0.691
0.956 0.691
1.044 0.691
1.132 0.691
1.22 0.691
1.31 0.691
1.398 0.691
1.488 0.691
1.574 0.691
1.662 0.691
1.752 0.691
1.84 0.691
0.16 0.615
0.248 0.615
0.338 0.615
0.426 0.615
0.512 0.615
0.602 0.615
0.69 0.615
0.78 0.615
0.868 0.615
0.956 0.615
1.044 0.615
1.132 0.615
1.22 0.615
1.31 0.615
1.398 0.615
1.488 0.615
1.574 0.615
1.662 0.615
1.752 0.615
1.84 0.615
0.16 0.538
0.248 0.538
0.338 0.538
0.426 0.538
0.512 0.538
0.602 0.538
0.69 0.538
0.78 0.538
0.868 0.538
0.956 0.538
1.044 0.538
1.132 0.538
1.22 0.538
1.31 0.538
1.398 0.538
1.488 0.538
1.574 0.538
1.662 0.538
1.752 0.538
1.84 0.538
0.16 0.462
0.248 0.462
0.338 0.462
0.426 0.462
0.512 0.462
0.602 0.462
0.69 0.462
0.78 0.462
0.868 0.462
0.956 0.462
1.044 0.462
1.132 0.462
1.22 0.462
1.31 0.462
1.398 0.462
1.488 0.462
1.574 0.462
1.662 0.462
1.752 0.462
1.84 0.462
0.16 0.385
0.248 0.385
0.338 0.385
0.426 0.385
0.512 0.385
0.602 0.385
0.69 0.385
0.78 0.385
0.868 0.385
0.956 0.385
1.044 0.385
1.132 0.385
1.22 0.385
1.31 0.385
1.398 0.385
1.488 0.385
1.574 0.385
1.662 0.385
1.752 0.385
1.84 0.385
0.16 0.309
0.248 0.309
0.338 0.309
0.426 0.309
0.512 0.309
0.602 0.309
0.69 0.309
0.78 0.309
0.868 0.309
0.956 0.309
1.044 0.309
1.132 0.309
1.22 0.309
1.31 0.309
1.398 0.309
1.488 0.309
1.574 0.309
1.662 0.309
1.752 0.309
1.84 0.309
0.16 0.233
0.248 0.233
0.338 0.233
0.426 0.233
0.512 0.233
0.602 0.233
0.69 0.233
0.78 0.233
0.868 0.233
0.956 0.233
1.044 0.233
1.132 0.233
1.22 0.233
1.31 0.233
1.398 0.233
1.488 0.233
1.574 0.233
1.662 0.233
1.752 0.233
1.84 0.233
0.16 0.157
0.248 0.157
0.338 0.157
0.426 0.157
0.512 0.157
0.602 0.157
0.69 0.157
0.78 0.157
0.868 0.157
0.956 0.157
1.044 0.157
1.132 0.157
1.22 0.157
1.31 0.157
1.398 0.157
1.488 0.157
1.574 0.157
1.662 0.157
1.752 0.157
1.84 0.157
0.16 0.08
0.248 0.08
0.338 0.08
0.426 0.08
0.512 0.08
0.602 0.08
0.69 0.08
0.78 0.08
0.868 0.08
0.956 0.08
1.044 0.08
1.132 0.08
1.22 0.08
1.31 0.08
1.398 0.08
1.488 0.08
1.574 0.08
1.662 0.08
1.752 0.08
1.84 0.08